Spawn:
  X: 0.44920756845835147
  Y: 16.0
  Z: -0.44013717257452273
  Yaw: 180.05322
  Pitch: 8.11292
  World: HUB
